% Data from Schmidt and Kraettli Table 3
% Minerals are
%   ol
%   opx
%   cpx
%   plg
%   Ti-sp
%   melt
% Columns are PhaseFraction SiO2, TiO2, Al2O3, Cr2O3, FeO, MnO, MgO, CaO, Na2O, K2O, P2O5
%

nphs = 7; olv=1; opx=2; cpx=3; plg=4; spn=5; qtz=6; mlt=7; blk=8;
ncmp = 11; Si=1; Ti=2; Al=3; Cr=4; Fe=5; Mn=6; Mg=7; Ca=8; Na=9; K=10; P=11;
% nstg = 10;
% Tmp = zeros(nstg,1);
% Prs = zeros(nstg,1);
% phs = zeros(nstg,nphs-1);
% oxd = zeros(nstg,nphs,ncmp);


Tmp(1) = 1800; Prs(1) = 3.5; fsol(1) = 0.0;
phs(1,olv) = 0.145; phs(1,mlt) = 0.855;
oxd(1,olv,:)  = [ 41.0  0.05  0.12  0.00  6.22  0.00  52.4  0.18  0.00  0.00  0.00 ];
oxd(1,mlt,:)  = [ 44.8  0.40  7.88  0.00  11.4  0.00  30.2  5.06  0.34  0.00  0.00 ];
oxd(1,blk,:)  = [ 44.8  0.30  6.17  0.61  11.0  0.15  33.0  4.64  0.08  0.01  0.01 ];
       
Tmp(2) = 1600; Prs(2) = 2.8; fsol(2) = 0.145;
phs(2,olv) = 0.198; phs(2,opx) = 0.072; phs(2,mlt) = 0.730;
oxd(2,olv,:)  = [ 40.1  0.05  0.21  0.39  9.99  0.15  48.8  0.26  0.00  0.00  0.00 ];
oxd(2,opx,:)  = [ 53.6  0.09  5.38  1.65  6.19  0.13  31.4  1.50  0.06  0.00  0.00 ];
oxd(2,mlt,:)  = [ 45.3  0.48  11.0  0.84  13.3  0.24  20.6  7.89  0.38  0.00  0.00 ];
oxd(2,blk,:)  = [ 44.9  0.36  7.90  0.76  12.5  0.19  27.0  6.33  0.09  0.01  0.01 ];

Tmp(3) = 1420; Prs(3) = 1.9; fsol(3) = 0.376;
phs(3,olv) = 0.029; phs(3,opx) = 0.206; phs(3,mlt) = 0.748;
oxd(3,olv,:)  = [ 39.8  0.06  0.21  0.22  12.5  0.22  46.8  0.28  0.00  0.00  0.00 ];
oxd(3,opx,:)  = [ 52.6  0.12  6.37  1.32  7.46  0.17  30.2  1.71  0.06  0.00  0.00 ];
oxd(3,mlt,:)  = [ 45.0  0.67  12.3  0.30  14.5  0.28  16.2  10.3  0.46  0.00  0.00 ];
oxd(3,blk,:)  = [ 46.2  0.48  10.4  0.85  13.1  0.25  20.2  8.35  0.11  0.02  0.02 ];

Tmp(4) = 1310; Prs(4) = 1.4; fsol(4) = 0.533;
phs(4,olv) = 0.084; phs(4,opx) = 0.090; phs(4,mlt) = 0.826;
oxd(4,olv,:)  = [ 38.9  0.11  0.24  0.08  15.6  0.26  44.4  0.39  0.00  0.00  0.00 ];
oxd(4,opx,:)  = [ 51.0  0.13  7.67  0.74  10.2  0.23  27.7  2.31  0.05  0.00  0.00 ];
oxd(4,mlt,:)  = [ 44.8  0.81  14.7  0.07  14.2  0.29  12.4  12.0  0.70  0.00  0.00 ];
oxd(4,blk,:)  = [ 44.7  0.61  12.4  0.29  14.6  0.26  16.3  10.3  0.43  0.02  0.02 ];

Tmp(5) = 1230; Prs(5) = 1.0; fsol(5) = 0.614;
phs(5,olv) = 0.057; phs(5,cpx) = 0.144; phs(5,mlt) = 0.780;
oxd(5,olv,:)  = [ 38.2  0.08  0.21  0.07  19.4  0.37  41.3  0.35  0.03  0.00  0.00 ];
oxd(5,cpx,:)  = [ 49.2  0.37  8.31  0.27  8.87  0.30  17.2  15.2  0.18  0.00  0.00 ];
oxd(5,mlt,:)  = [ 45.2  1.07  16.1  0.00  14.9  0.33  9.31  11.9  1.03  0.04  0.06 ];
oxd(5,blk,:)  = [ 44.2  0.78  14.7  0.25  14.7  0.30  12.4  11.9  0.66  0.02  0.03 ];

Tmp(6) = 1210; Prs(6) = 0.8; fsol(6) = 0.699;
phs(6,olv) = 0.051; phs(6,cpx) = 0.010; phs(6,plg) = 0.089; phs(6,mlt) = 0.848;
oxd(6,olv,:)  = [ 37.8  0.07  0.09  0.06  21.6  0.45  39.5  0.36  0.00  0.00  0.07 ];
oxd(6,cpx,:)  = [ 50.1  0.42  5.92  0.40  10.6  0.42  18.0  13.9  0.19  0.00  0.02 ];
oxd(6,plg,:)  = [ 47.9  0.08  32.6  0.00  0.74  0.04  0.24  16.4  1.97  0.04  0.00 ];
oxd(6,mlt,:)  = [ 45.1  1.36  15.4  0.09  16.1  0.40  8.33  11.8  1.16  0.07  0.12 ];
oxd(6,blk,:)  = [ 44.9  1.04  16.1  0.05  15.2  0.32  9.36  11.9  1.04  0.04  0.09 ];

Tmp(7) = 1160; Prs(7) = 0.7; fsol(7) = 0.745;
phs(7,olv) = 0.087; phs(7,cpx) = 0.206; phs(7,plg) = 0.293; phs(7,mlt) = 0.413;
oxd(7,olv,:)  = [ 35.7  0.13   0.11  0.00  32.5  0.79  30.2  0.47  0.00  0.00  0.09 ];
oxd(7,cpx,:)  = [ 49.1  0.71   4.97  0.53  14.0  0.59  15.3  14.6  0.17  0.00  0.04 ];
oxd(7,plg,:)  = [ 48.5  0.14  31.87  0.04  1.34  0.05  0.27  15.5  2.27  0.04  0.00 ];
oxd(7,mlt,:)  = [ 43.4  2.94   12.5  0.00  22.8  0.65  5.96  10.2  1.18  0.12  0.24 ];
oxd(7,blk,:)  = [ 45.0  1.33   15.4  0.09  16.4  0.40  8.31  11.8  1.15  0.07  0.13 ];
   
Tmp(8) = 1120; Prs(8) = 0.5; fsol(8) = 0.895;
phs(8,olv) = 0.099; phs(8,cpx) = 0.025; phs(8,plg) = 0.151; phs(8,spn) = 0.010; phs(8,mlt) = 0.716;
oxd(8,olv,:)  = [ 34.6  0.18   0.10  0.0  40.2  1.11  23.2  0.53  0.00  0.00  0.09 ];
oxd(8,cpx,:)  = [ 48.7  1.08   4.28  0.0  18.7  0.81  13.0  13.2  0.18  0.00  0.00 ];
oxd(8,plg,:)  = [ 49.8  0.22  30.84  0.0  1.66  0.05  0.19  14.3  2.82  0.08  0.00 ];
oxd(8,spn,:)  = [ 0.18 17.75   5.80  0.0  72.2  0.72  3.11  0.20  0.00  0.00  0.05 ];
oxd(8,mlt,:)  = [ 43.3  4.04  10.49  0.0  25.3  0.79  4.53  10.1  1.09  0.14  0.26 ];
oxd(8,blk,:)  = [ 42.6  2.87  12.39  0.0  23.9  0.64  5.92  10.2  1.15  0.13  0.24 ];

Tmp(9) = 1100; Prs(9) = 0.5; fsol(9) = 0.925;
phs(9,cpx) = 0.168; phs(9,plg) = 0.098; phs(9,spn) = 0.05; phs(9,mlt) = 0.684;
oxd(9,cpx,:)  = [ 48.3  1.01   3.76  0.0  22.6  0.99  12.9  10.3  0.15  0.00  0.00 ];
oxd(9,plg,:)  = [ 51.1  0.14  30.29  0.0  1.27  0.00  0.14  13.7  3.23  0.09  0.00 ];
oxd(9,spn,:)  = [ 0.14 20.32   4.67  0.0  71.8  0.79  2.26  0.07  0.00  0.00  0.00 ];
oxd(9,mlt,:)  = [ 44.1  4.28   9.74  0.0  26.4  0.87  3.24  9.70  1.11  0.19  0.36 ];
oxd(9,blk,:)  = [ 42.9  3.97  10.53  0.0  25.7  0.75  4.55  10.1  1.07  0.15  0.27 ];

Tmp(10) = 1060; Prs(10) = 0.5; fsol(10) = 0.949;
phs(10,cpx) = 0.294; phs(10,plg) = 0.188; phs(10,spn) = 0.140; phs(10,qtz) = 0.04; phs(10,mlt) = 0.338;
oxd(10,cpx,:) = [ 47.5  1.22   3.44  0.0  25.20  1.32  9.62  11.5  0.15  0.00  0.00 ];
oxd(10,plg,:) = [ 53.6  0.19  28.25  0.0   1.75  0.00  0.15  12.3  3.68  0.12  0.00 ];
oxd(10,spn,:) = [ 0.32 20.34   3.04  0.0  73.83  1.06  1.13  0.28  0.00  0.00  0.00 ];
oxd(10,qtz,:) = [100.0  0.00   0.00  0.0   0.00  0.00  0.00  0.00  0.00  0.00  0.00 ];
oxd(10,mlt,:) = [ 48.3  3.53   9.04  0.0  24.71  1.12  1.64  9.49  1.00  0.38  0.80 ];
oxd(10,blk,:) = [ 43.8  4.29   9.80  0.0  26.60  0.88  3.26  9.78  1.10  0.20  0.34 ];

% Tmp(11) = 1000; Prs(11) = 0.5; fsol(11) = 0.983;
% phs(11,cpx)   = 0.294; phs(11,plg) = 0.188; phs(11,spn) = 0.140; phs(11,qtz) = 0.04; phs(11,mlt) = 0.338;
% oxd(11,blk,:) = [ 48.2  3.53   9.03  0.0  24.81  1.12  1.63  9.48  1.00  0.38  0.80 ];

